assignment-1-a-enc.txt
Caesar Key= 19

assignment-1-b-enc.txt
MAC Key= [10 21 34 50 32 23 12 61  8 52 60 40 56 29  7 47 62 22  9 45 11 54 38 55 27 20 25 24 63 18 57 53 37  5 35 42  3 16 41 26 17 51  1 31  0 59 49 30 33 43 58 15 14  2  4 39  6 44 48 13 36 19 28 46]

assignment-1-c-enc.txt
Caesar Key= 9

assignment-1-d-enc.txt
MAC Key= [54  9 51 47 11 19 29  8  0 17 10 55 39 50  3 32 61 44 52 13 33 49 35  6 31 53 60 24 16 43 36 63 30 34 58 25 12 62 14 27 22  2 42 40 45 26 28 37 48 59  5  4 57  1 23  7 21 56 41 46 20 38 15 18]
